0.10000000000000001 1
0.20000000000000001 20.3474
0.30000000000000004 21.8653
0.40000000000000002 23.198
0.5 24.499
0.59999999999999998 25.5391
0.69999999999999996 26.7262
0.79999999999999993 27.6826
0.89999999999999991 28.6768
0.99999999999999989 29.6714
1.0999999999999999 30.6664
1.2 31.6616
1.3 32.5958
1.4000000000000001 33.4741
1.5000000000000002 34.359
1.6000000000000003 35.2217
1.7000000000000004 36.1468
1.8000000000000005 37.0488
1.9000000000000006 37.7708
2.0000000000000004 38.7125
2.1000000000000005 39.4294
2.2000000000000006 40.1335
2.3000000000000007 40.8499
2.4000000000000008 41.4576
2.5000000000000009 42.1989
2.600000000000001 42.8341
2.7000000000000011 43.6209
2.8000000000000012 44.3035
2.9000000000000012 44.9757
3.0000000000000013 45.6161
3.1000000000000014 46.2259
3.2000000000000015 46.8706
3.3000000000000016 47.5486
3.4000000000000017 48.217
3.5000000000000018 48.8968
3.6000000000000019 49.5268
3.700000000000002 50.0492
3.800000000000002 50.5067
3.9000000000000021 51.2147
4.0000000000000018 51.7779
4.1000000000000014 52.3924
4.2000000000000011 53.0752
4.3000000000000007 53.6376
4.4000000000000004 54.2125
4.5 54.6901
4.5999999999999996 55.2722
4.6999999999999993 55.7945
4.7999999999999989 56.3475
4.8999999999999986 56.895
4.9999999999999982 57.4026
5.0999999999999979 57.9402
5.1999999999999975 58.4386
5.2999999999999972 58.9498
5.3999999999999968 59.4398
5.4999999999999964 59.9258
5.5999999999999961 60.4906
5.6999999999999957 60.9189
5.7999999999999954 61.4257
5.899999999999995 61.993
5.9999999999999947 62.4591
6.0999999999999943 62.9535
6.199999999999994 63.381
6.2999999999999936 63.8996
6.3999999999999932 64.3364
6.4999999999999929 64.7702
6.5999999999999925 65.2471
6.6999999999999922 65.6901
6.7999999999999918 66.1453
6.8999999999999915 66.5372
6.9999999999999911 66.9866
7.0999999999999908 67.4775
7.1999999999999904 67.9796
7.2999999999999901 68.4487
7.3999999999999897 68.8421
7.4999999999999893 69.3054
7.599999999999989 69.7513
7.6999999999999886 70.1374
7.7999999999999883 70.6064
7.8999999999999879 70.9737
7.9999999999999876 71.3532
8.0999999999999872 71.7445
8.1999999999999869 72.1754
8.2999999999999865 72.5623
8.3999999999999861 73.0431
8.4999999999999858 73.5208
8.5999999999999854 73.9007
8.6999999999999851 74.2921
8.7999999999999847 74.6547
8.8999999999999844 75.0288
8.999999999999984 75.4807
9.0999999999999837 75.8244
9.1999999999999833 76.219
9.2999999999999829 76.5855
9.3999999999999826 77.0023
9.4999999999999822 77.4168
9.5999999999999819 77.8419
9.6999999999999815 78.2519
9.7999999999999812 78.5581
9.8999999999999808 78.9517
9.9999999999999805 79.3308
10.09999999999998 79.6579
10.19999999999998 80.0337
10.299999999999979 80.4077
10.399999999999979 80.7923
10.499999999999979 81.1874
10.599999999999978 81.5684
10.699999999999978 81.972
10.799999999999978 82.3494
10.899999999999977 82.7371
10.999999999999977 83.0869
11.099999999999977 83.4951
11.199999999999976 83.8656
11.299999999999976 84.1869
11.399999999999975 84.5544
11.499999999999975 84.9085
11.599999999999975 85.2611
11.699999999999974 85.6239
11.799999999999974 85.9852
11.899999999999974 86.3334
11.999999999999973 86.7264
12.099999999999973 87.0372
12.199999999999973 87.4155
12.299999999999972 87.7809
12.399999999999972 88.122
12.499999999999972 88.4957
12.599999999999971 88.8228
12.699999999999971 89.1936
12.799999999999971 89.5852
12.89999999999997 89.9194
12.99999999999997 90.2857
13.099999999999969 90.5953
13.199999999999969 90.9149
13.299999999999969 91.2114
13.399999999999968 91.5397
13.499999999999968 91.9104
13.599999999999968 92.2471
13.699999999999967 92.5394
13.799999999999967 92.8415
13.899999999999967 93.207
13.999999999999966 93.5283
14.099999999999966 93.9018
14.199999999999966 94.1677
14.299999999999965 94.4857
14.399999999999965 94.8871
14.499999999999964 95.2237
14.599999999999964 95.5801
14.699999999999964 95.8935
14.799999999999963 96.2163
14.899999999999963 96.5276
14.999999999999963 96.8482
15.099999999999962 97.1472
15.199999999999962 97.435
15.299999999999962 97.7731
15.399999999999961 98.0897
15.499999999999961 98.4357
15.599999999999961 98.7198
15.69999999999996 99.0434
15.79999999999996 99.3559
15.899999999999959 99.6474
15.999999999999959 99.988
16.099999999999959 100.268
16.19999999999996 100.547
16.299999999999962 100.845
16.399999999999963 101.161
16.499999999999964 101.497
16.599999999999966 101.812
16.699999999999967 102.126
16.799999999999969 102.399
16.89999999999997 102.711
16.999999999999972 102.993
17.099999999999973 103.323
17.199999999999974 103.613
17.299999999999976 103.883
17.399999999999977 104.19
17.499999999999979 104.478
17.59999999999998 104.784
17.699999999999982 105.079
17.799999999999983 105.393
17.899999999999984 105.687
17.999999999999986 105.961
18.099999999999987 106.234
18.199999999999989 106.544
18.29999999999999 106.835
18.399999999999991 107.078
18.499999999999993 107.376
18.599999999999994 107.618
18.699999999999996 107.924
18.799999999999997 108.193
18.899999999999999 108.442
19 108.718
19.100000000000001 108.994
19.200000000000003 109.287
19.300000000000004 109.543
19.400000000000006 109.835
19.500000000000007 110.08
19.600000000000009 110.362
19.70000000000001 110.615
19.800000000000011 110.895
19.900000000000013 111.21
20.000000000000014 111.489
20.100000000000016 111.731
20.200000000000017 111.963
20.300000000000018 112.266
20.40000000000002 112.595
20.500000000000021 112.835
20.600000000000023 113.065
20.700000000000024 113.321
20.800000000000026 113.63
20.900000000000027 113.929
21.000000000000028 114.165
21.10000000000003 114.41
21.200000000000031 114.707
21.300000000000033 115.003
21.400000000000034 115.229
21.500000000000036 115.489
21.600000000000037 115.749
21.700000000000038 115.999
21.80000000000004 116.257
21.900000000000041 116.524
22.000000000000043 116.747
22.100000000000044 117.055
22.200000000000045 117.311
22.300000000000047 117.566
22.400000000000048 117.804
22.50000000000005 118.058
22.600000000000051 118.261
22.700000000000053 118.557
22.800000000000054 118.81
22.900000000000055 119.054
23.000000000000057 119.272
23.100000000000058 119.557
23.20000000000006 119.791
23.300000000000061 120.041
23.400000000000063 120.29
23.500000000000064 120.498
23.600000000000065 120.705
23.700000000000067 121.028
23.800000000000068 121.292
23.90000000000007 121.498
24.000000000000071 121.737
24.100000000000072 122.007
24.200000000000074 122.229
24.300000000000075 122.474
24.400000000000077 122.727
24.500000000000078 122.963
24.60000000000008 123.206
24.700000000000081 123.498
24.800000000000082 123.765
24.900000000000084 123.991
25.000000000000085 124.201
25.100000000000087 124.474
25.200000000000088 124.715
25.30000000000009 124.963
25.400000000000091 125.187
25.500000000000092 125.427
25.600000000000094 125.689
25.700000000000095 125.928
25.800000000000097 126.158
25.900000000000098 126.396
26.000000000000099 126.601
26.100000000000101 126.814
26.200000000000102 127.027
26.300000000000104 127.279
26.400000000000105 127.553
26.500000000000107 127.741
26.600000000000108 128.031
26.700000000000109 128.273
26.800000000000111 128.498
26.900000000000112 128.716
27.000000000000114 128.972
27.100000000000115 129.236
27.200000000000117 129.414
27.300000000000118 129.668
27.400000000000119 129.907
27.500000000000121 130.13
27.600000000000122 130.368
27.700000000000124 130.59
27.800000000000125 130.805
27.900000000000126 131.026
28.000000000000128 131.247
28.100000000000129 131.438
28.200000000000131 131.666
28.300000000000132 131.909
28.400000000000134 132.181
28.500000000000135 132.431
28.600000000000136 132.65
28.700000000000138 132.853
28.800000000000139 133.101
28.900000000000141 133.281
29.000000000000142 133.491
29.100000000000144 133.753
29.200000000000145 133.947
29.300000000000146 134.186
29.400000000000148 134.417
29.500000000000149 134.647
29.600000000000151 134.885
29.700000000000152 135.1
29.800000000000153 135.307
29.900000000000155 135.528
30.000000000000156 135.713
30.100000000000158 135.963
30.200000000000159 136.176
30.300000000000161 136.367
30.400000000000162 136.587
30.500000000000163 136.828
30.600000000000165 137.011
30.700000000000166 137.244
30.800000000000168 137.477
30.900000000000169 137.695
31.000000000000171 137.906
31.100000000000172 138.145
31.200000000000173 138.347
31.300000000000175 138.557
31.400000000000176 138.78
31.500000000000178 139.018
31.600000000000179 139.233
31.70000000000018 139.47
31.800000000000182 139.657
31.900000000000183 139.885
32.000000000000185 140.085
32.100000000000186 140.285
32.200000000000188 140.527
32.300000000000189 140.755
32.40000000000019 140.94
32.500000000000192 141.188
32.600000000000193 141.393
32.700000000000195 141.612
32.800000000000196 141.803
32.900000000000198 142.007
33.000000000000199 142.183
33.1000000000002 142.394
33.200000000000202 142.604
33.300000000000203 142.828
33.400000000000205 143.031
33.500000000000206 143.234
33.600000000000207 143.436
33.700000000000209 143.687
33.80000000000021 143.861
33.900000000000212 144.076
34.000000000000213 144.27
34.100000000000215 144.471
34.200000000000216 144.686
34.300000000000217 144.907
34.400000000000219 145.134
34.50000000000022 145.348
34.600000000000222 145.527
34.700000000000223 145.774
34.800000000000225 145.945
34.900000000000226 146.164
35.000000000000227 146.356
35.100000000000229 146.601
35.20000000000023 146.82
35.300000000000232 147.024
35.400000000000233 147.228
35.500000000000234 147.445
35.600000000000236 147.635
35.700000000000237 147.811
35.800000000000239 147.986
35.90000000000024 148.203
36.000000000000242 148.385
36.100000000000243 148.58
36.200000000000244 148.802
36.300000000000246 149.017
36.400000000000247 149.218
36.500000000000249 149.406
36.60000000000025 149.586
36.700000000000252 149.78
36.800000000000253 150.013
36.900000000000254 150.22
37.000000000000256 150.433
37.100000000000257 150.625
37.200000000000259 150.824
37.30000000000026 151.03
37.400000000000261 151.209
37.500000000000263 151.387
37.600000000000264 151.592
37.700000000000266 151.77
37.800000000000267 151.954
37.900000000000269 152.138
38.00000000000027 152.342
38.100000000000271 152.539
38.200000000000273 152.755
38.300000000000274 152.925
38.400000000000276 153.128
38.500000000000277 153.31
38.600000000000279 153.512
38.70000000000028 153.682
38.800000000000281 153.89
38.900000000000283 154.098
39.000000000000284 154.279
39.100000000000286 154.467
39.200000000000287 154.661
39.300000000000288 154.868
39.40000000000029 155.068
39.500000000000291 155.248
39.600000000000293 155.435
39.700000000000294 155.641
39.800000000000296 155.821
39.900000000000297 156.007
40.000000000000298 156.212
40.1000000000003 156.397
40.200000000000301 156.589
40.300000000000303 156.774
40.400000000000304 156.959
40.500000000000306 157.143
40.600000000000307 157.341
40.700000000000308 157.531
40.80000000000031 157.721
40.900000000000311 157.918
41.000000000000313 158.133
41.100000000000314 158.297
41.200000000000315 158.531
41.300000000000317 158.726
41.400000000000318 158.922
41.50000000000032 159.073
41.600000000000321 159.255
41.700000000000323 159.443
41.800000000000324 159.65
41.900000000000325 159.863
42.000000000000327 160.056
42.100000000000328 160.263
42.20000000000033 160.443
42.300000000000331 160.618
42.400000000000333 160.804
42.500000000000334 160.997
42.600000000000335 161.165
42.700000000000337 161.326
42.800000000000338 161.512
42.90000000000034 161.704
43.000000000000341 161.883
43.100000000000342 162.081
43.200000000000344 162.278
43.300000000000345 162.469
43.400000000000347 162.635
43.500000000000348 162.813
43.60000000000035 163.003
43.700000000000351 163.169
43.800000000000352 163.359
43.900000000000354 163.536
44.000000000000355 163.738
44.100000000000357 163.939
44.200000000000358 164.147
44.30000000000036 164.335
44.400000000000361 164.5
44.500000000000362 164.664
44.600000000000364 164.888
44.700000000000365 165.058
44.800000000000367 165.252
44.900000000000368 165.439
45.000000000000369 165.608
45.100000000000371 165.795
45.200000000000372 165.958
45.300000000000374 166.127
45.400000000000375 166.295
45.500000000000377 166.482
45.600000000000378 166.668
45.700000000000379 166.854
45.800000000000381 167.039
45.900000000000382 167.225
46.000000000000384 167.404
46.100000000000385 167.589
46.200000000000387 167.744
46.300000000000388 167.947
46.400000000000389 168.125
46.500000000000391 168.304
46.600000000000392 168.464
46.700000000000394 168.642
46.800000000000395 168.79
46.900000000000396 168.98
47.000000000000398 169.145
47.100000000000399 169.346
47.200000000000401 169.506
47.300000000000402 169.665
47.400000000000404 169.859
47.500000000000405 170.047
47.600000000000406 170.253
47.700000000000408 170.429
47.800000000000409 170.617
47.900000000000411 170.781
48.000000000000412 170.962
48.100000000000414 171.109
48.200000000000415 171.284
48.300000000000416 171.441
48.400000000000418 171.61
48.500000000000419 171.779
48.600000000000421 172.006
48.700000000000422 172.157
48.800000000000423 172.303
48.900000000000425 172.494
49.000000000000426 172.668
49.100000000000428 172.83
49.200000000000429 173.015
49.300000000000431 173.188
49.400000000000432 173.356
49.500000000000433 173.523
49.600000000000435 173.707
49.700000000000436 173.903
49.800000000000438 174.064
49.900000000000439 174.219
